3,3,1  12
2,5,7  33
1,2,1  8

3,3,1  1
2,5,7  20
1,2,1  -40

3,3,1  1
2,5,7  20
1,2,1  -20

0.5,-0.0625,0.1875,0.0625  1.5
-0.0625,0.5,0,0  -1.625
0.1875,0,0.375,0.125  1
0.0625,0,0.125,0.25  0.4375

3,2,1,-1  0
5,-1,1,2  -4
1,-1,1,2  4
7,8,1,-7  6

3,-1,2,-1  -13
3,-1,1,1  1
1,2,-1,2  21
-1,1,-2,-3  -5

0,0,0.000000001  3
1.001,0,0  7
0,0.000001,0  5

10,-5,1  3
4,-7,2  -4
5,1,4  19

6,-4,2  4
-5,5,2  11
0.9,0.9,3.6  13.5

1,0.2,0.3  1.5
0.1,1,-0.3  0.8
-0.1,-0.2,1  0.7

1,0.3,0.2  1.5
0.1,-0.3,1  0.8
-0.1,1,-0.2  0.7

-0.0625,0.5,0,0  -1.625
0.5,-0.0625,0.1875,0.0625  1.5
0.1875,0,0.375,0.125  1
0.0625,0,0.125,0.25  0.4375